P100：
  温度信号：
    00 0D 03 00 10 07 02 32 33 05 01 37 08 04 37 43 32 42 00 07 04 08 10 0D 00 00 F8 41 10 1E
    000D0300100702323305013708043743324200070408100D0000F841101E

  事件包位：
    五方对讲待机：
      00 0E 03 00 10 07 02 32 34 05 02 31 30 08 04 33 32 45 36 00 0A 04 08 10 08 00 10 00 18 FF 8E EC 98 06 
    五方对讲呼叫：
      00 0E 03 00 10 07 02 32 34 05 02 31 30 08 04 30 38 44 33 00 0A 04 08 10 08 00 10 01 18 D4 8F EC 98 06 
    五方对讲通话：
      00 0E 03 00 10 07 02 32 34 05 02 31 30 08 04 44 34 32 33 00 0A 04 08 10 08 00 10 02 18 B7 90 EC 98 06 
  
  断电检测：
    断电：
      00 0E 03 00 10 07 02 32 34 05 02 31 30 08 04 37 44 44 34 00 0A 04 08 10 08 01 10 00 18 8D 91 EC 98 06
    正常：
      00 0E 03 00 10 07 02 32 34 05 02 31 30 08 04 37 36 34 39 00 0A 04 08 10 08 01 10 01 18 F8 91 EC 98 06 