S110:
    统计数据：
      00 0E 03 00 10 07 02 31 33 05 02 31 34 08 04 41 30 33 33 
      00 0E 04 08 10 08 1E 10 00 18 00 20 00 28 00 30 1A 38 01 
    
    端子原始AD值：
      00 0E 03 00 10 07 02 32 32 05 02 34 30 08 04 32 31 45 30 
      00 28 04 08 10 08 24 10 FE 0F 18 FE 0F 20 FE 0F 28 FE 0F 30 FE 0F 38 FE 0F 40 FE 0F 48 00 50 00 58 00 60 00 68 00 70 00 78 00 80 01 00 
事件包位：
    五方对讲待机：
      00 0E 03 00 10 07 02 32 31 05 02 31 30 08 04 33 32 45 36 00 0A 04 08 10 08 00 10 00 18 FF 8E EC 98 06 
    五方对讲呼叫：
      00 0E 03 00 10 07 02 32 31 05 02 31 30 08 04 30 38 44 33 00 0A 04 08 10 08 00 10 01 18 D4 8F EC 98 06 
    五方对讲通话：
      00 0E 03 00 10 07 02 32 31 05 02 31 30 08 04 44 34 32 33 00 0A 04 08 10 08 00 10 02 18 B7 90 EC 98 06 
  
   断电检测：
    断电：
      00 0E 03 00 10 07 02 32 31 05 02 31 30 08 04 37 44 44 34 00 0A 04 08 10 08 01 10 00 18 8D 91 EC 98 06
    正常：
      00 0E 03 00 10 07 02 32 31 05 02 31 30 08 04 37 36 34 39 00 0A 04 08 10 08 01 10 01 18 F8 91 EC 98 06 

实时数据：
  00 0E 03 00 10 07 02 31 32 05 02 32 38 08 04 43 36 45 36 00 1C 04 08 10 08 00 10 01 18 00 20 06 28 00 30 00 38 00 40 00 48 E0 81 03 50 00 58 00 60 00 68 00 

  00 0E 03 00 10 07 02 31 32 05 02 32 38 08 04 43 31 46 31 00 1C 04 08 10 08 00 10 01 18 00 20 00 28 00 30 00 38 00 40 00 48 A0 81 01 50 00 58 01 60 00 68 00

  00 0E 03 00 10 07 02 31 32 05 02 32 38 08 04 30 36 32 37 00 1C 04 08 10 08 00 10 01 18 00 20 06 28 00 30 00 38 00 40 00 48 E0 81 03 50 00 58 00 60 00 68 01

  00 0E 03 00 10 07 02 31 32 05 02 32 38 08 04 30 36 32 37 00 1C 04 08 10 08 00 10 01 18 00 20 06 28 00 30 00 38 00 40 00 48 E0 81 03 50 00 58 00 60 00 68 01

  00 0E 03 00 10 07 02 31 32 05 02 32 38 08 04 32 38 45 35 00 1C 04 08 10 08 00 10 01 18 00 20 06 28 00 30 01 38 00 40 00 48 E0 E1 03 50 00 58 00 60 01 68 00

  00 0E 03 00 10 07 02 31 32 05 02 32 38 08 04 30 36 32 37 00 1C 04 08 10 08 00 10 01 18 00 20 06 28 00 30 00 38 00 40 00 48 E0 81 03 50 00 58 00 60 00 68 01

  00 0E 03 00 10 07 02 31 32 05 02 32 38 08 04 32 38 45 35 00 1C 04 08 10 08 00 10 01 18 00 20 06 28 00 30 01 38 00 40 00 48 E0 E1 03 50 00 58 00 60 01 68 00

  00 0E 03 00 10 07 02 31 32 05 02 32 38 08 04 31 32 45 34 00 1C 04 08 10 08 00 10 01 18 00 20 06 28 00 30 00 38 00 40 00 48 E0 C1 03 50 00 58 00 60 00 68 00